#: assets/levels/level.data
cols: 10
rows: 10
cellsize: 32
cellgap: 2.000000
levelmap[100]: (1, 1, 1, -1)  (2, 1, 1, -1)  (2, 1, 1, -1)  (2, 1, 1, -1)  (2, 1, 1, -1)  (2, 1, 1, -1)  (2, 1, 1, -1)  (2, 1, 1, -1)  (2, 1, 1, -1)  (3, 1, 1, -1)  (1, 2, 3, -1)  (-1, -1, 3, -1)  (-1, -1, 3, -1)  (-1, -1, 3, -1)  (4, 2, 3, -1)  (6, 2, 3, -1)  (2, 2, 3, -1)  (-1, -1, 3, -1)  (-1, -1, 3, -1)  (3, 2, 3, -1)  (1, 2, 3, -1)  (-1, -1, 3, -1)  (-1, -1, 3, -1)  (-1, -1, 3, -1)  (4, 2, 3, -1)  (6, 2, 3, -1)  (-1, -1, 3, -1)  (-1, -1, 3, -1)  (-1, -1, 3, -1)  (3, 2, 3, -1)  (1, 2, 3, -1)  (-1, -1, 3, -1)  (-1, -1, 3, -1)  (4, 1, 3, -1)  (5, 2, 3, -1)  (5, 2, 3, -1)  (6, 1, 3, -1)  (-1, -1, 3, -1)  (-1, -1, 3, -1)  (3, 2, 3, -1)  (1, 2, 3, -1)  (-1, -1, 3, -1)  (-1, -1, 3, -1)  (4, 2, 3, -1)  (5, 2, 3, -1)  (5, 2, 3, -1)  (5, 2, 3, -1)  (5, 1, 3, -1)  (5, 1, 3, -1)  (3, 2, 3, -1)  (1, 2, 3, -1)  (-1, -1, 3, -1)  (-1, -1, 3, -1)  (4, 2, 3, -1)  (5, 2, 3, -1)  (5, 2, 3, -1)  (5, 2, 3, -1)  (5, 3, 3, -1)  (5, 3, 3, -1)  (3, 2, 3, -1)  (1, 2, 3, -1)  (-1, -1, 3, -1)  (-1, -1, 3, -1)  (4, 3, 3, -1)  (5, 3, 3, -1)  (5, 3, 3, -1)  (6, 3, 3, -1)  (-1, -1, 3, -1)  (-1, -1, 3, -1)  (3, 2, 3, -1)  (1, 2, 3, -1)  (-1, -1, 3, -1)  (-1, -1, 3, -1)  (-1, -1, 3, -1)  (-1, -1, 3, -1)  (-1, -1, 3, -1)  (-1, -1, 3, -1)  (-1, -1, 3, -1)  (-1, -1, 3, -1)  (3, 2, 3, -1)  (1, 2, 3, -1)  (-1, -1, 3, -1)  (-1, -1, 3, -1)  (-1, -1, 3, -1)  (-1, -1, 3, -1)  (-1, -1, 3, -1)  (-1, -1, 3, -1)  (-1, -1, 3, -1)  (-1, -1, 3, -1)  (3, 2, 3, -1)  (1, 3, 1, -1)  (2, 3, 1, -1)  (2, 3, 1, -1)  (2, 3, 1, -1)  (2, 3, 1, -1)  (2, 3, 1, -1)  (2, 3, 1, -1)  (2, 3, 1, -1)  (2, 3, 1, -1)  (3, 3, 1, -1)  

enemy1
type: human
pos[2]: (100) (100)
weapon: gun
1ymene

enemy2
type: human
pos[2]: (200) (200)
weapon: gun
2ymene

enemy3
type: human
pos[2]: (500) (500)
weapon: gun
3ymene

enemy4
type: human
pos[2]: (400) (500)
weapon: gun
4ymene

enemy5
type: human
pos[2]: (500) (100)
weapon: gun
5ymene

enemies: 5
